MERCURY 	 VENUS 	 EARTH 	 MOON 	 MARS 	 JUPITER 	 SATURN 	 URANUS 	 NEPTUNE 	 PLUTO 
Mass(10^24kg)	0.330	4.87	5.97	0.073	0.642	1898	568	86.8	102	0.0130
RotationPeriod(hours)	1407.6	-5832.5	23.9	655.7	24.6	9.9	10.7	-17.2	16.1	-153.3
LengthofDay(hours)	4222.6	2802.0	24.0	708.7	24.7	9.9	10.7	17.2	16.1	153.3
DistancefromSun(10^6 km)	57.9	108.2	149.6	0.384*	228.0	778.5	1432.0	2867.0	4515.0	5906.4
Perihelion(10^6km)	46.0	107.5	147.1	0.363*	206.7	740.6	1357.6	2732.7	4471.1	4436.8
Aphelion(10^6km)	69.8	108.9	152.1	0.406*	249.3	816.4	1506.5	3001.4	4558.9	7375.9
OrbitalPeriod(days)	88.0	224.7	365.2	27.3*	687.0	4331	10,747	30,589	59,800	90,560
OrbitalVelocity(km/s)	47.4	35.0	29.8	1.0*	24.1	13.1	9.7	6.8	5.4	4.7
OrbitalInclination(degrees)	7.0	3.4	0.0	5.1	1.8	1.3	2.5	0.8	1.8	17.2
OrbitalEccentricity	0.206	0.007	0.017	0.055	0.094	0.049	0.052	0.047	0.010	0.244